XVL: (1,)
XVL: (2,)
XVL: (3,)
XVL: (4,)
XVL: (5,)
XVL: (6,)
XVL: (1, 2)
XVL: (1, 3)
XVL: (1, 4)
XVL: (1, 5)
XVL: (1, 6)
XVL: (2, 3)
XVL: (2, 4)
XVL: (2, 5)
XVL: (2, 6)
XVL: (3, 4)
XVL: (3, 5)
XVL: (3, 6)
XVL: (4, 5)
XVL: (4, 6)
XVL: (5, 6)
XVL: (1, 2, 3)
XVL: (1, 2, 4)
XVL: (1, 2, 5)
XVL: (1, 2, 6)
XVL: (1, 3, 4)
XVL: (1, 3, 5)
XVL: (1, 3, 6)
XVL: (1, 4, 5)
XVL: (1, 4, 6)
XVL: (1, 5, 6)
XVL: (2, 3, 4)
XVL: (2, 3, 5)
XVL: (2, 3, 6)
XVL: (2, 4, 5)
XVL: (2, 4, 6)
XVL: (2, 5, 6)
XVL: (3, 4, 5)
XVL: (3, 4, 6)
XVL: (3, 5, 6)
XVL: (4, 5, 6)
XVL: (1, 2, 3, 4)
XVL: (1, 2, 3, 5)
XVL: (1, 2, 3, 6)
XVL: (1, 2, 4, 5)
XVL: (1, 2, 4, 6)
XVL: (1, 2, 5, 6)
XVL: (1, 3, 4, 5)
XVL: (1, 3, 4, 6)
XVL: (1, 3, 5, 6)
XVL: (1, 4, 5, 6)
XVL: (2, 3, 4, 5)
XVL: (2, 3, 4, 6)
XVL: (2, 3, 5, 6)
XVL: (2, 4, 5, 6)
XVL: (3, 4, 5, 6)
XVL: (1, 2, 3, 4, 5)
XVL: (1, 2, 3, 4, 6)
XVL: (1, 2, 3, 5, 6)
XVL: (1, 2, 4, 5, 6)
XVL: (1, 3, 4, 5, 6)
XVL: (2, 3, 4, 5, 6)
XVL: (1, 2, 3, 4, 5, 6)
